1961 619
1962 605
1963 519
1964 376
1965 581
1966 552
1967 623
1968 577
1969 431
1970 468
1971 491
1972 441
1973 440
1974 685
1975 383
1976 463
1977 615
1978 530
1979 598
1980 667
1981 642
1982 461
1983 480
1984 631
1985 551
1986 621
1987 473
1988 614
1989 384
1990 644
1991 556
1992 553
1993 608
1994 617
1995 599
1996 373
1997 527
1998 586
1999 548
2000 601
2001 578
2002 481
2003 478
2004 533
2005 558
2006 548
2007 501
2008 633
2009 529
2010 553
2011 478
2012 778
2013 456
2014 614
2015 656
2016 472
2017 557
2018 345
2019 564
2020 504
2021 555